8595775
8592773
8593138
8592965
8595734
8592774
8595325
8595735
8596098
8501026
8593174
8594941
8587901
8593137
8587028
8593106
8587910
8595953
8592992
8592627
8592630
8592628
8592775
8501230
8595739
8587031
8592778
8592668
8592624
8595741
8592625
8595010
8595361
8587029
8595324
8588196
8594957
8593050
8592935
8592669
8505195
8592632
8592779
8592936
8587030
8592854
8592780
8593082
8593139
8593064
8592634
8504815
8593052
8593089
8587387
8595015
8593141
8504200
8594949
8593142
8595039
8592982
8593199
8593091
8592785
8593092
8593028
8591989
8593053
8595757
8592740
8592792
8593192
8593133
8587075
8500175
8592714
8592734
8592788
8592789
8592651
8587924
8592789
8592714
8593151
8595745
8592747
8503217
8503218
8592793
8593027
8592725
8593225
8592729
8592791
8592741
8594933
8593146
8593132
8593193
8593080
8587035
8592688
8587419
8592641
8593982
8593220
8593981
8595040
8592975
8595008
8587381
8593218
8592795
8595458
8595810
8593167
8592717
8592794
8592650
8592657
8587034
8592663
8587925
8592754
8593079
8592796
8592677
8593148
8594945
8592730
8592798
8587069
8593074
8593100
8593924
8592693
8587255
8595803
8595663
8592978
8593196
8587039
8593195
8593076
8592803
8592732
8595035
8592813
8587047
8595759
8592756
8595229
8595229
8592685
8593143
8588665
8588663
8593054
8587918
8593044
8587046
8593008
8587042
8595555
8592644
8588298
8593150
8592971
8594954
8579317
8594953
8593152
8595954
8587043
8593088
8592694
8503330
8592960
8595884
8592731
8592802
8594952
8594937
8592646
8595017
8587382
8593093
8592724
8592760
8592804
8579160
8592805
8587640
8595999
8592692
8595763
8587045
8593154
8594940
8587415
8587383
8505102
8592645
8592797
8592743
8592930
8593149
8593184
8587900
8593128
8592808
8587577
8595665
8587048
8594935
8595323
8595669
8587575
8587051
8595769
8587050
8595993
8592939
8595018
8577632
8595009
8593051
8592812
8587054
8593094
8587707
8593060
8592801
8593005
8530159
8591959
8592684
8587386
8503040
8593147
8587437
8592742
8593083
8593155
8593095
8592755
8593129
8595011
8587038
8592810
8592652
8592961
8592815
8593335
8592622
8592980
8587044
8592720
8587477
8587385
8595664
8587909
8593110
8592689
8592752
8592690
8587040
8592640
8596094
8592767
8595774
8595360
8592707
8592028
8592264
8592758
8592818
8595758
8593062
8595047
8595776
8593130
8592634
8593185
8593157
8593031
8592820
8592819
8592040
8579309
8587418
8593244
8592766
8592679
8592679
8593032
8592641
8592744
8592713
8593187
8592827
8587911
8592847
8592942
8592642
8592673
8592823
8592828
8593158
8592824
8588666
8592761
8588347
8593044
8592674
8593010
8593111
8592695
8592826
8592745
8592943
8592824
8592746
8593144
8593075
8579606
8593242
8594948
8592726
8592830
8592667
8592833
8593035
8592675
8593159
8593012
8592983
8593198
8587065
8592976
8592706
8593245
8592899
8592944
8593059
8593033
8595368
8592776
8592831
8592832
8592694
8593081
8587384
8593085
8592834
8596095
8594961
8593112
8587064
8592835
8593034
8587913
8593224
8587912
8595457
8592956
8587066
8595794
8587067
8503049
8595796
8595019
8530335
8593113
8593013
8592213
8593014
8595797
8592705
8592839
8592840
8592841
8593243
8587920
8592843
8592757
8592844
8592845
8593114
8595800
8587062
8593161
8592959
8592962
8587068
8592968
8595226
8595027
8592676
8592846
8593131
8592955
8579722
8595013
8592767
8595363
8587902
8516155
8592635
8592849
8595227
8587074
8595809
8593061
8592985
8588801
8593582
8595808
8592984
8592748
8571970
8595820
8593217
8592066
8595817
8593096
8593047
8587903
8592655
8592848
8595819
8592964
8593134
8593203
8595818
8501201
8504722
8587076
8593116
8594934
8592850
8592946
8595951
8595950
8594062
8592771
8595026
8593018
8587056
8592736
8595036
8593037
8592825
8592997
8592626
8592948
8592853
8594946
8593117
8593135
8595823
8593226
8595825
8595673
8593001
8595028
8593004
8592855
8592856
8593163
8592697
8592749
8587078
8593119
8596097
8592858
8592860
8592857
8592861
8593205
8592933
8592639
8592659
8592862
8592763
8593118
8592863
8592972
8595994
8592966
8595358
8595903
8593200
8595012
8592852
8593098
8595675
8593002
8592678
8593204
8592658
8593039
8592708
8592864
8592865
8595014
8593188
8587077
8592867
8592868
8593206
8593003
8591282
8592869
8592687
8593026
8504812
8592764
8593063
8592647
8587058
8592871
8570000
8595554
8595668
8587904
8593030
8587080
8593038
8592873
8595885
8595020
8592759
8593222
8593165
8592988
8595046
8592876
8592686
8592711
8593109
8595041
8593189
8592886
8593125
8593046
8592709
8593048
8593078
8592879
8592878
8592737
8592967
8587081
8593065
8593099
8593166
8587072
8592881
8593120
8592991
8503085
8593208
8595037
8587073
8592874
8594947
8592768
8592883
8595021
8587059
8587071
8595840
8592648
8593070
8587907
8591933
8570082
8592661
8593087
8592718
8595839
8592885
8594951
8593190
8504811
8587917
8593238
8592945
8579092
8592888
8592889
8595992
8587388
8592765
8587036
8593041
8592662
8592949
8592890
8592660
8592721
8595029
8593168
8592932
8592993
8592890
8588310
8592629
8595031
8593219
8503418
8592994
8592880
8587085
8593210
8592638
8587416
8592698
8593121
8595672
8592887
8587082
8593086
8592619
8593084
8587086
8593207
8593209
8592937
8592937
8593077
8587084
8592891
8592995
8592637
8595034
8595674
8592636
8593169
8503080
8592738
8595847
8592892
8592893
8595667
8592894
8592895
8592750
8587061
8592900
8592680
8592896
8595849
8503243
8592898
8592719
8503419
8592809
8593202
8593042
8593090
8587087
8592751
8593126
8595670
8595671
8593127
8595856
8593019
8592722
8592908
8592902
8595224
8593170
8592903
8592904
8595043
8592700
8587089
8587919
8593227
8587915
8593210
8593171
8592115
8593122
8592905
8592970
8587092
8594956
8595045
8593235
8595327
8595551
8592715
8593201
8587433
8592811
8592762
8503331
8593172
8587091
8593068
8595044
8592622
8592670
8588802
8501894
8592906
8592716
8592639
8592951
8593214
8592728
8595228
8593103
8587389
8593101
8593102
8593104
8592909
8501015
8587037
8592753
8595858
8587916
8593236
8587922
8595022
8580410
8593173
8593105
8582711
8592911
8592631
8592912
8593070
8592620
8592957
8593029
8592913
8592910
8592953
8592635
8503229
8593124
8592952
8587093
8588195
8592986
8592914
8592915
8592664
8593129
8592682
8593022
8595866
8593043
8593175
8593241
8592088
8593176
8595038
8595862
8593023
8593216
8593178
8593177
8593179
8596096
8592921
8503349
8501857
8592924
8587392
8592922
8592916
8501495
8592701
8592918
8592998
8592925
8595868
8593211
8592917
8587905
8587906
8592723
8592919
8592920
8593025
8593239
8592733
8587097
8595886
8592923
8589097
8501123
8593072
8592665
8592649
8593182
8593191
8587095
8593181
8593186
8592934
8594963
8595997
8592927
8592928
8592929
8593011
8593180
8595952
8593073
8595326
8595365
8594944
8592621
8595996
8594942
8592806
8592704
8592703
8593056
8592691
8593228
8592979
8593057
8592725
8587057
8595364
8587070
8505103
8505106
8592829
8587914
8592941
8592654
8594938
8593229
8592851
8593015
8587920
8592973
8593062
8593231
8595556
8592940
8594943
8593237
8594936
8592842
8593230
8594939
8592643
8593006
8593005
8593055
8595552
8592969
8595553
8593007
8592727
8593212
8592907
8593067
8505107
8587921
8592696
8593049
8595328
8592702
8593021
8592954
8587923
8595867
8594960